Altium Designer Pick and Place Locations
d:\LimePCBs\LimeSDR-Micro_M2\GIT\LimeSDR-Micro_M.2\hardware\1v0\Project Outputs for LimeSDR-Micro_M.2_2280_1v0\Pick Place\Pick Place for LimeSDR-Micro_M.2_2280_1v0.csv

========================================================================================================================
File Design Information:

Date:       22-05-24
Time:       14:20
Revision:   45e4b983ef9feee4b3e48b6e583e088d6c66d899
Variant:    No variations
Units used: mm

"Designator","Comment","Layer","Footprint","Center-X(mm)","Center-Y(mm)","Rotation","Description"
"R172","0R","BottomLayer","RES0201","0.9000","8.8750","180",""
"R169","10k, 1%","BottomLayer","RES0201","26.8250","11.5500","180",""
"R162","0R","BottomLayer","RES0201","0.7593","11.2643","360",""
"R150","100k, 1%","TopLayer","RES0201","6.0450","14.9750","360",""
"R187","0R","BottomLayer","RES0201","24.4640","17.4400","270",""
"R191","0R","BottomLayer","RES0201","23.7890","17.4400","270",""
"R197","0R","BottomLayer","RES0201","27.1140","17.4400","270",""
"R186","0R","BottomLayer","RES0201","27.1500","19.4250","180",""
"R178","0R","BottomLayer","RES0201","23.6500","20.3250","180",""
"R175","0R","BottomLayer","RES0201","24.4500","20.0500","270",""
"R168","0R","BottomLayer","RES0201","25.6000","10.2500","90",""
"R114","0R","TopLayer","RES0201","21.9500","18.9000","360",""
"IC24","SN74AVC1T45DRLR","BottomLayer","SN74AVC1T45DRLR_SOT-5X3","25.7890","17.4400","270",""
"IC22","SN74AVC1T45DRLR","BottomLayer","SN74AVC1T45DRLR_SOT-5X3","25.7890","20.0400","270",""
"C217","100nF, 6.3V","BottomLayer","CAP0201","24.3250","18.3250","360",""
"C216","100nF, 6.3V","BottomLayer","CAP0201","25.1250","15.7000","360",""
"C207","100nF, 6.3V","BottomLayer","CAP0201","24.2250","20.9500","360",""
"C206","100nF, 6.3V","BottomLayer","CAP0201","24.2250","19.1500","180",""
"R87","0R","BottomLayer","RES0201","46.0000","9.0250","180",""
"R145","100k, 1%","BottomLayer","RES0201","1.2600","10.3700","270",""
"R77","0R","BottomLayer","RES0201","15.0500","4.1500","90",""
"R76","47R, 1%","BottomLayer","RES0201","14.1500","4.1500","270",""
"R75","47R, 1%","BottomLayer","RES0201","13.2500","4.1500","270",""
"R74","47R, 1%","BottomLayer","RES0201","12.3500","4.1500","270",""
"R73","47R, 1%","BottomLayer","RES0201","11.4500","4.1500","270",""
"R72","10R, 1%","BottomLayer","RES0201","10.4550","1.0700","270",""
"R140","100k, 1%","BottomLayer","RES0201","0.6500","13.9750","270",""
"R139","330R, 1%","BottomLayer","RES0201","0.9000","15.3750","360",""
"MECH1","BMI-S-202-C","TopLayer","BMI-S-202-C_RF_SHIELD_COVER","-100.0000","-48.2500","0",""
"J2","Header 8x1","TopLayer","HEADER_8X1_TH_HALF_PITCH","16.9550","20.6400","360","Header, 8-Pin, Single row"
"J1","JTAG","TopLayer","HEADER_5x2_TH_HALF_PITCH","14.1100","1.9850","360","Header, 5-Pin, Dual row"
"X5","MHF4","TopLayer","IPEX_MHF4_conn","41.7000","20.1000","90","IPEX MHF4 Connector Jack, Male Pin 50 Ohms Surface Mount Solder"
"J7","MHF4","TopLayer","IPEX_MHF4_conn","38.8500","1.6500","0","IPEX MHF4 Connector Jack, Male Pin 50 Ohms Surface Mount Solder"
"J5","MHF4","TopLayer","IPEX_MHF4_conn","34.0500","1.6500","0","IPEX MHF4 Connector Jack, Male Pin 50 Ohms Surface Mount Solder"
"J4","MHF4","TopLayer","IPEX_MHF4_conn","29.2500","1.6500","0","IPEX MHF4 Connector Jack, Male Pin 50 Ohms Surface Mount Solder"
"J6","MHF4","TopLayer","IPEX_MHF4_conn","24.4500","1.6500","0","IPEX MHF4 Connector Jack, Male Pin 50 Ohms Surface Mount Solder"
"X4","MHF4","TopLayer","IPEX_MHF4_conn","74.8500","2.2000","90","IPEX MHF4 Connector Jack, Male Pin 50 Ohms Surface Mount Solder"
"X2","MHF4","TopLayer","IPEX_MHF4_conn","74.8500","6.7000","90","IPEX MHF4 Connector Jack, Male Pin 50 Ohms Surface Mount Solder"
"X3","MHF4","TopLayer","IPEX_MHF4_conn","74.8500","15.3000","90","IPEX MHF4 Connector Jack, Male Pin 50 Ohms Surface Mount Solder"
"X1","MHF4","TopLayer","IPEX_MHF4_conn","74.8500","19.8000","90","IPEX MHF4 Connector Jack, Male Pin 50 Ohms Surface Mount Solder"
"R89","6.8R, 1%","TopLayer","RES0201","29.8700","9.2250","90",""
"R85","6.8R, 1%","TopLayer","RES0201","29.2200","9.2250","90",""
"R80","10k, 1%","TopLayer","RES0201","28.0950","8.6050","270",""
"R81","0R","TopLayer","RES0201","28.2500","6.5500","90",""
"R91","0R","TopLayer","RES0201","31.0000","8.6000","270",""
"R94","10k, 1%","TopLayer","RES0201","40.1908","13.2250","90",""
"D1","RB521S-30L2-TP","TopLayer","RB521S-30L2-TP_DFN1006","39.0408","13.3000","180",""
"R116","10k, 1%","BottomLayer","RES0201","16.3250","16.0750","360",""
"R115","10k, 1%","BottomLayer","RES0201","19.4000","16.9500","270",""
"IC7","SN65LVDS1","TopLayer","SOT23-5_NO_SILK","29.5450","6.5500","180",""
"C6","4.7pF, 25V","BottomLayer","CAP01005","38.6158","5.1250","360",""
"C4","4.7pF, 25V","BottomLayer","CAP01005","39.4658","5.1250","360",""
"C3","4.7pF, 25V","BottomLayer","CAP01005","37.7908","5.0750","180",""
"C1","4.7pF, 25V","BottomLayer","CAP01005","37.0408","5.0750","180",""
"C150","1uF, 6.3V","TopLayer","CAP0201","39.9108","9.5000","360",""
"C142","4.7uF, 6.3V","TopLayer","CAP0201","38.6408","10.4750","360",""
"R223","4.7k, 1%","TopLayer","RES0201","38.3750","16.2000","0",""
"R222","3k3, 1%","TopLayer","RES0201","38.3750","16.9500","180",""
"R217","0R","TopLayer","RES0201","39.6800","16.5250","0",""
"R215","0R","TopLayer","RES0201","40.1250","18.0050","270",""
"IC32","AP7330","TopLayer","AP7330-W5-7_SOT25","35.8250","17.2250","0",""
"C257","1uF, 6.3V","TopLayer","CAP0201","39.1500","17.9000","90",""
"C256","1uF, 6.3V","TopLayer","CAP0201","33.4250","16.4250","180",""
"C24","4.7pF, 25V","BottomLayer","CAP01005","42.4033","5.6200","270",""
"R56","1k, 1%","BottomLayer","RES01005","41.8908","6.3250","270",""
"R52","1k, 1%","BottomLayer","RES01005","41.8908","5.4250","270",""
"R47","1k, 1%","BottomLayer","RES01005","41.7908","3.5050","90",""
"R45","1k, 1%","BottomLayer","RES01005","41.7908","4.1650","90",""
"R40","1k, 1%","BottomLayer","RES01005","38.6908","3.6200","270",""
"R38","1k, 1%","BottomLayer","RES01005","38.6658","2.9600","270",""
"R32","1k, 1%","BottomLayer","RES01005","33.4908","5.1750","90",""
"R29","1k, 1%","BottomLayer","RES01005","33.6658","5.8250","90",""
"C112","220nF, 10V","TopLayer","CAP0201","0.8950","15.3750","360",""
"C113","220nF, 10V","TopLayer","CAP0201","0.8950","14.6250","360",""
"C124","220nF, 10V","TopLayer","CAP0201","0.8950","13.1249","360",""
"C117","220nF, 10V","TopLayer","CAP0201","0.8950","13.8749","360",""
"FR51","600R, 0.27A","BottomLayer","RES0201","15.7750","6.1250","270",""
"C240","1uF, 6.3V","BottomLayer","CAP0201","23.9750","5.6250","270",""
"R92","10k, 1%","BottomLayer","RES0201","12.5500","15.8000","180",""
"R146","0R","TopLayer","RES0201","7.7000","15.2000","90",""
"R142","0R","TopLayer","RES0201","8.6750","15.2000","90",""
"FR1","600R, 0.27A","TopLayer","RES0201","70.7250","18.1750","90",""
"R165","0R","BottomLayer","RES0201","23.9875","4.7000","360",""
"R159","100k, 1%","BottomLayer","RES0201","22.1825","4.1000","360",""
"R157","0R","BottomLayer","RES0201","21.7000","7.6500","360",""
"R156","0R","BottomLayer","RES0201","26.0750","5.6500","360",""
"IC19","SN74AVC1T45DRLR","BottomLayer","SN74AVC1T45DRLR_SOT-5X3","23.9875","3.3250","360",""
"IC15","SN74AVC1T45DRLR","BottomLayer","SN74AVC1T45DRLR_SOT-5X3","21.7000","9.6750","180",""
"FR49","600R, 0.27A","BottomLayer","RES0201","15.7750","4.9250","90",""
"FR46","600R, 0.27A","BottomLayer","RES0201","24.7000","5.6250","90",""
"C243","4.7uF, 6.3V","BottomLayer","CAP0402","17.3750","5.2000","270",""
"C192","0R","BottomLayer","CAP0201","22.1825","4.7500","360",""
"C190","100nF, 6.3V","BottomLayer","CAP0201","22.4375","3.1050","270",""
"C189","100nF, 6.3V","BottomLayer","CAP0201","25.8175","2.8250","360",""
"XO2","E5280LF 30.72MHz","TopLayer","RAKON_TXCO","24.7000","8.0000","90",""
"XO1","E6245LF 30.72 MHz","TopLayer","RAKON_RPT7050A","24.7000","8.1500","90",""
"VT2","DMG1012T","BottomLayer","SOT523","35.8658","18.2250","180",""
"VT1","DMG1012T","BottomLayer","SOT523","35.8658","16.3500","180",""
"R112","0R","BottomLayer","RES01005","44.0408","8.4850","270",""
"R111","0R","BottomLayer","RES01005","44.0408","9.3650","90",""
"R110","0R","BottomLayer","RES01005","44.2808","7.8150","90",""
"R109","0R","BottomLayer","RES01005","44.2808","6.9350","270",""
"R107","0R","BottomLayer","RES01005","32.2708","7.2000","180",""
"R106","0R","BottomLayer","RES01005","32.4258","8.9850","270",""
"R105","0R","BottomLayer","RES01005","32.4208","9.8700","90",""
"R19","243R, 1%","BottomLayer","RES01005","38.5008","4.5100","90",""
"R14","243R, 1%","BottomLayer","RES01005","39.5808","4.5100","90",""
"R17","82R, 1%","BottomLayer","RES01005","39.0408","5.6250","90",""
"R18","220R, 1%","BottomLayer","RES01005","38.6658","6.1250","360",""
"R16","220R, 1%","BottomLayer","RES01005","39.4158","6.1250","180",""
"R5","243R, 1%","BottomLayer","RES01005","37.9558","4.5100","90",""
"R1","243R, 1%","BottomLayer","RES01005","36.8758","4.5100","90",""
"R3","82R, 1%","BottomLayer","RES01005","37.4158","5.5750","90",""
"R4","220R, 1%","BottomLayer","RES01005","37.7658","6.0500","180",""
"R2","220R, 1%","BottomLayer","RES01005","37.0658","6.0500","360",""
"R88","47R, 1%","BottomLayer","RES0201","29.0000","6.0000","90",""
"R79","0R","BottomLayer","RES0201","13.5750","14.8250","360",""
"R103","47R, 1%","BottomLayer","RES01005","43.3758","8.6500","360",""
"R102","47R, 1%","BottomLayer","RES01005","43.3758","9.2000","360",""
"R101","47R, 1%","BottomLayer","RES01005","43.2908","7.9000","360",""
"R100","47R, 1%","BottomLayer","RES01005","43.2908","7.4000","360",""
"R99","47R, 1%","BottomLayer","RES01005","33.0308","7.9250","180",""
"R98","47R, 1%","BottomLayer","RES01005","33.0308","7.3500","180",""
"R97","47R, 1%","BottomLayer","RES01005","33.1397","9.1500","180",""
"R96","47R, 1%","BottomLayer","RES01005","33.1347","9.7050","180",""
"C140","4.7uF, 6.3V","TopLayer","CAP0201","41.1908","11.2800","90",""
"C135","2.2uF, 6.3V","TopLayer","CAP0201","40.1408","8.4500","90",""
"R95","0R","TopLayer","RES0201","43.5958","16.3885","270",""
"R36","220R, 1%","BottomLayer","RES01005","39.2658","3.0150","360",""
"R43","220R, 1%","BottomLayer","RES01005","43.0908","3.9350","360",""
"R57","220R, 1%","BottomLayer","RES01005","43.1158","6.2250","0",""
"R46","100R, 1%","BottomLayer","RES01005","44.4158","4.1600","270",""
"R39","100R, 1%","BottomLayer","RES01005","40.4408","3.2900","90",""
"R49","0R","BottomLayer","RES01005","40.7908","4.2350","360",""
"R48","220R, 1%","BottomLayer","RES01005","43.0908","3.3850","360",""
"R149","10k, 1%","BottomLayer","RES0201","34.1500","17.8050","90",""
"R148","10k, 1%","BottomLayer","RES0201","37.4893","18.2176","270",""
"R143","10k, 1%","BottomLayer","RES0201","34.1300","16.3500","360",""
"R144","10k, 1%","BottomLayer","RES0201","37.4893","16.3426","270",""
"R184","470, 1%","TopLayer","RES0201","19.3000","11.5000","270",""
"R179","10R, 1%","TopLayer","RES0201","21.3000","9.8400","270",""
"R181","1k, 1%","TopLayer","RES0201","13.4750","7.3500","360",""
"R189","330R, 1%","TopLayer","RES0201","20.3750","12.4500","180",""
"R190","10k, 1%","TopLayer","RES0201","19.6000","8.0250","360",""
"R188","10k, 1%","TopLayer","RES0201","19.3000","10.4000","90",""
"R176","47R, 1%","TopLayer","RES0201","16.4000","13.4800","90",""
"R185","47R, 1%","TopLayer","RES0201","12.9500","8.2500","270",""
"R195","47R, 1%","TopLayer","RES0201","19.6000","7.2750","360",""
"R194","47R, 1%","TopLayer","RES0201","19.6000","6.5250","360",""
"R192","47R, 1%","TopLayer","RES0201","18.1700","6.3000","360",""
"R196","0R","BottomLayer","RES0201","3.6675","11.1250","180",""
"R193","0R","BottomLayer","RES0201","0.6750","12.7000","270",""
"R58","0R","BottomLayer","RES01005","40.9908","6.1500","0",""
"R55","100R, 1%","BottomLayer","RES01005","44.3158","5.9500","90",""
"R51","0R","BottomLayer","RES01005","40.9908","5.6000","0",""
"R50","220R, 1%","BottomLayer","RES01005","43.1158","5.6750","0",""
"R44","0R","BottomLayer","RES01005","40.7908","4.7850","360",""
"R42","0R","BottomLayer","RES01005","37.0408","3.5650","360",""
"R41","220R, 1%","BottomLayer","RES01005","39.2658","3.5650","360",""
"R37","0R","BottomLayer","RES01005","37.0408","3.0150","360",""
"R34","0R","BottomLayer","RES01005","32.9908","6.7350","270",""
"R33","220R, 1%","BottomLayer","RES01005","34.6558","5.2500","360",""
"R31","100R, 1%","BottomLayer","RES01005","35.8558","5.5250","270",""
"R135","10k, 1%","TopLayer","RES0201","1.7050","8.2050","90",""
"R133","3k3, 1%","BottomLayer","RES0201","29.5450","17.8750","360",""
"R132","3k3, 1%","BottomLayer","RES0201","39.0658","16.3250","270",""
"R131","3k3, 1%","BottomLayer","RES0201","26.5750","15.7000","180",""
"R130","3k3, 1%","BottomLayer","RES0201","29.5450","21.1750","360",""
"R129","3k3, 1%","BottomLayer","RES0201","29.5450","19.5250","360",""
"R128","3k3, 1%","BottomLayer","RES0201","29.5450","18.7000","360",""
"R127","3k3, 1%","BottomLayer","RES0201","29.5450","20.3500","360",""
"R126","3k3, 1%","BottomLayer","RES0201","42.5075","19.1750","180",""
"R124","10k, 1%","BottomLayer","RES0201","28.2700","17.9500","360",""
"R123","10k, 1%","BottomLayer","RES0201","15.2000","15.4250","180",""
"R122","10k, 1%","BottomLayer","RES0201","27.4013","16.3200","270",""
"R121","10k, 1%","BottomLayer","RES0201","28.2700","21.2500","360",""
"R120","10k, 1%","BottomLayer","RES0201","28.2700","19.6000","360",""
"R119","10k, 1%","BottomLayer","RES0201","28.2700","18.7750","360",""
"R118","10k, 1%","BottomLayer","RES0201","28.2700","20.4250","360",""
"R117","10k, 1%","BottomLayer","RES0201","42.5000","19.8250","360",""
"R154","1k, 1%","BottomLayer","RES0201","20.5450","4.0950","180",""
"R153","1k, 1%","BottomLayer","RES0201","21.4750","3.1000","90",""
"R137","0R","BottomLayer","RES0201","31.0750","19.7150","270",""
"R136","0R","BottomLayer","RES0201","44.2375","20.6450","90",""
"R134","0R","BottomLayer","RES0201","43.5125","20.6450","90",""
"R125","0R","BottomLayer","RES0201","42.7875","20.6450","90",""
"R183","0R","BottomLayer","RES0201","27.4300","18.5450","90",""
"R180","0R","BottomLayer","RES0201","27.1500","20.1500","180",""
"R177","0R","BottomLayer","RES0201","24.7250","21.6000","360",""
"R166","0R","BottomLayer","RES0201","23.9250","10.2800","90",""
"R86","5R, 1%","TopLayer","RES0201","32.8287","11.0000","180",""
"R82","47R, 1%","BottomLayer","RES0201","43.0358","14.3800","270",""
"R84","200R, 1%","TopLayer","RES0201","36.8408","12.0000","360",""
"R83","698R, 1%","TopLayer","RES0201","36.6667","13.0000","360",""
"R78","0R33, 1%","TopLayer","RES0201","34.7158","13.5750","90",""
"R28","0R","BottomLayer","RES01005","33.5408","6.7350","270",""
"R26","0R","BottomLayer","RES0201","9.0750","8.3750","180",""
"R24","0R","BottomLayer","RES0201","45.4908","12.5000","270",""
"R15","0R","BottomLayer","RES0402","43.4908","10.7750","90",""
"MN41","47nH","TopLayer","RES0402","70.7250","15.8000","90",""
"IC6","LA9310X7S11AA","BottomLayer","LA9310X7S11AA","38.1667","11.0000","360",""
"X13","5025981593","BottomLayer","5025981593_FPC_connector","74.4750","18.4000","270",""
"IC9","SN74AVC4T774","BottomLayer","SN74AVC4T774_v1","21.4250","17.8250","180",""
"IC12","SN74AVC4T774","BottomLayer","SN74AVC4T774_v1","17.3750","17.8250","180",""
"IC8","SN74AVC4T774","BottomLayer","SN74AVC4T774_v1","13.8000","17.8250","180",""
"IC14","MCP23017-E/ML","TopLayer","MCP23017-E/ML_QFN28","5.7500","11.0000","270",""
"IC23","ADF4002","TopLayer","ADF4002","16.5250","9.6250","270",""
"IC21","74LVC1G3157FZ4","BottomLayer","74LVC1G3157FZ4_SPDT_SW_DFN1410-6","26.7865","10.3375","90",""
"FR41","600R, 0.27A","TopLayer","RES0201","20.6750","9.0750","270",""
"FR39","220R, 0.9A","TopLayer","RES0402","30.9250","11.4250","360",""
"C5","4.7pF, 25V","BottomLayer","CAP01005","39.0408","4.7000","360",""
"C2","4.7pF, 25V","BottomLayer","CAP01005","37.4158","4.7000","180",""
"C132","100pF, 50V","TopLayer","CAP0201","31.3250","4.3750","90",""
"C133","100nF, 6.3V","TopLayer","CAP0201","31.9750","4.6000","270",""
"C162","4.7uF, 6.3V","TopLayer","CAP0201","37.8158","10.5250","270",""
"C161","4.7uF, 6.3V","TopLayer","CAP0201","35.0158","9.6500","270",""
"C160","4.7uF, 6.3V","TopLayer","CAP0201","34.3658","9.6500","270",""
"C158","10uF, 10V","TopLayer","CAP0402","32.9908","8.1750","0",""
"C159","4.7uF, 6.3V","TopLayer","CAP0201","34.3658","8.5000","90",""
"C157","2.2uF, 6.3V","TopLayer","CAP0201","35.0158","8.5000","90",""
"C156","1uF, 6.3V","TopLayer","CAP0603_FEEDTHROUGH","34.2408","6.8500","180",""
"C153","10uF, 10V","TopLayer","CAP0402","42.1908","11.0000","270",""
"C154","4.7uF, 6.3V","TopLayer","CAP0201","35.9158","10.2250","90",""
"C152","2.2uF, 6.3V","TopLayer","CAP0201","40.4408","10.2750","90",""
"C148","1uF, 6.3V","TopLayer","CAP0603_FEEDTHROUGH","43.3658","12.1000","270",""
"C146","4.7uF, 6.3V","TopLayer","CAP0201","39.7533","14.2800","270",""
"C147","4.7uF, 6.3V","TopLayer","CAP0201","38.9783","14.2800","270",""
"C145","2.2uF, 6.3V","TopLayer","CAP0201","40.4033","14.2800","270",""
"C144","1uF, 6.3V","TopLayer","CAP0603_FEEDTHROUGH","41.7658","13.2750","90",""
"C155","4.7uF, 6.3V","TopLayer","CAP0201","39.7663","10.7200","270",""
"C141","4.7uF, 6.3V","TopLayer","CAP0201","36.5658","11.3500","360",""
"C139","4.7uF, 6.3V","TopLayer","CAP0201","37.7158","11.3500","180",""
"C136","10uF, 10V","TopLayer","CAP0402","35.9158","5.6000","180",""
"C137","4.7uF, 6.3V","TopLayer","CAP0201","37.6158","8.3500","0",""
"C143","4.7uF, 6.3V","TopLayer","CAP0201","36.8558","9.6200","180",""
"C134","1uF, 6.3V","TopLayer","CAP0603_FEEDTHROUGH","33.5908","5.4000","360",""
"C130","4.7uF, 6.3V","TopLayer","CAP0201","38.1658","12.2000","90",""
"C129","4.7uF, 6.3V","TopLayer","CAP0201","39.8658","12.4500","180",""
"C127","1uF, 6.3V","TopLayer","CAP0201","34.5158","10.7000","270",""
"C128","220nF, 10V","TopLayer","CAP0201","35.1658","10.7000","270",""
"C126","10uF, 10V","TopLayer","CAP0402","32.9908","10.1750","0",""
"C122","4.7uF, 6.3V","TopLayer","CAP0201","35.5658","13.5750","90",""
"C121","4.7uF, 6.3V","TopLayer","CAP0201","37.1408","13.8250","270",""
"C120","2.2uF, 6.3V","TopLayer","CAP0201","37.3408","14.9000","180",""
"C116","1uF, 6.3V","TopLayer","CAP0603_FEEDTHROUGH","35.5408","14.9000","360",""
"C138","1uF, 6.3V","TopLayer","CAP0201","43.8750","15.5000","360",""
"R104","2.67k, 1%","TopLayer","RES0201","37.4158","9.0000","180",""
"C151","100nF, 6.3V","TopLayer","CAP0201","38.7658","9.2000","270",""
"C149","10uF, 10V","TopLayer","CAP0402","32.9908","9.1750","360",""
"C119","4.7uF, 6.3V","TopLayer","CAP0201","34.6658","11.7500","90",""
"C118","47uF, 6.3V","TopLayer","CAP0603","33.6158","12.6750","270",""
"C123","3.3nF, 16V","TopLayer","CAP0201","35.6908","11.8500","270",""
"C20","22pF, 50V","BottomLayer","CAP01005","41.3408","4.0750","270",""
"C19","4.7pF, 25V","BottomLayer","CAP01005","42.3658","3.9900","90",""
"C18","0R","BottomLayer","CAP01005","43.7408","4.1100","360",""
"C17","0R","BottomLayer","CAP01005","39.9158","3.5650","360",""
"C22","0R","BottomLayer","CAP01005","43.7408","3.5600","360",""
"C21","4.7pF, 25V","BottomLayer","CAP01005","42.3658","3.3300","90",""
"C9","4.7pF, 25V","BottomLayer","CAP01005","34.1158","5.8250","90",""
"C14","4.7pF, 25V","BottomLayer","CAP01005","38.1408","2.9600","270",""
"C12","0R","BottomLayer","CAP01005","35.3058","5.2500","360",""
"C27","0R","BottomLayer","CAP01005","43.7658","6.2250","0",""
"C125","100nF, 6.3V","TopLayer","CAP0201","28.9950","8.3250","180",""
"C23","0R","BottomLayer","CAP01005","43.7658","5.6750","0",""
"C8","0R","BottomLayer","CAP01005","35.3058","5.8000","360",""
"C13","0R","BottomLayer","CAP01005","39.9158","3.0150","360",""
"C11","4.7pF, 25V","BottomLayer","CAP01005","32.9608","5.5550","360",""
"C26","4.7pF, 25V","BottomLayer","CAP01005","42.4033","6.2800","270",""
"C165","100nF, 6.3V","BottomLayer","CAP0201","20.1250","16.1750","180",""
"C166","100nF, 6.3V","BottomLayer","CAP0201","19.9750","19.6250","360",""
"C172","100nF, 6.3V","BottomLayer","CAP0201","15.2000","16.0750","360",""
"C173","100nF, 6.3V","BottomLayer","CAP0201","23.1000","19.7000","360",""
"C163","100nF, 6.3V","BottomLayer","CAP0201","28.1950","17.1250","180",""
"C164","100nF, 6.3V","BottomLayer","CAP0201","15.2000","19.4000","360",""
"C178","100nF, 6.3V","TopLayer","CAP0201","1.7050","9.3300","90",""
"C179","100nF, 6.3V","TopLayer","CAP0201","4.7950","14.9700","180",""
"C211","100pF, 50V","TopLayer","CAP0201","16.4000","12.5000","180",""
"C215","22pF, 50V","TopLayer","CAP0201","17.2750","6.0200","270",""
"C212","22pF, 50V","TopLayer","CAP0201","21.6550","12.4750","180",""
"C213","22pF, 50V","TopLayer","CAP0201","20.6500","11.5000","270",""
"C214","22pF, 50V","TopLayer","CAP0201","19.9750","11.5000","270",""
"C210","1nF, 25V","TopLayer","CAP0201","11.9200","8.0450","180",""
"C209","1nF, 25V","TopLayer","CAP0201","13.7000","8.2500","270",""
"C208","100nF, 6.3V","TopLayer","CAP0201","20.6500","10.4000","270",""
"C200","100nF, 6.3V","TopLayer","CAP0201","20.0000","9.0750","270",""
"C205","100pF, 50V","TopLayer","CAP0201","19.9750","10.4000","90",""
"C204","100pF, 50V","TopLayer","CAP0201","19.3250","9.0750","90",""
"C203","100pF, 50V","TopLayer","CAP0201","12.5800","7.0700","90",""
"C202","100pF, 50V","TopLayer","CAP0201","17.3250","13.2050","180",""
"C201","100pF, 50V","TopLayer","CAP0201","15.5250","12.7250","270",""
"C199","100pF, 50V","TopLayer","CAP0201","13.2250","9.1500","360",""
"C198","100pF, 50V","TopLayer","CAP0201","13.4450","10.4500","360",""
"C197","100pF, 50V","TopLayer","CAP0201","13.2250","9.8000","360",""
"C186","1uF, 6.3V","TopLayer","CAP0201","30.6950","10.2250","360",""
"C25","22pF, 50V","BottomLayer","CAP01005","41.5158","5.8750","90",""
"C16","4.7pF, 25V","BottomLayer","CAP01005","38.1408","3.6200","270",""
"C15","22pF, 50V","BottomLayer","CAP01005","37.5658","3.2900","90",""
"C10","22pF, 50V","BottomLayer","CAP01005","33.1658","6.1500","180",""
"C184","100nF, 6.3V","BottomLayer","CAP0201","20.5450","3.3800","180",""
"C196","1nF, 25V","BottomLayer","CAP0201","24.9500","11.3450","90",""
"C42","1nF, 25V","TopLayer","CAP0201","71.0050","17.2500","360",""
"R203","0R","TopLayer","RES0201","15.8262","6.5250","90",""
"R201","0R","TopLayer","RES0201","16.3313","5.6875","180",""
"R212","0R","BottomLayer","RES0201","9.1750","18.0500","180",""
"R113","15R, 1%","TopLayer","RES0201","36.5200","21.1800","180",""
"C53","1nF, 25V","TopLayer","CAP0201","47.2008","12.1081","90",""
"R152","0R","BottomLayer","RES0201","21.7000","8.3000","180",""
"R171","0R","BottomLayer","RES0201","24.7700","10.0750","360",""
"R138","0R","BottomLayer","RES0201","44.6908","13.8250","90",""
"R164","0R","TopLayer","RES0201","19.7750","5.0000","180",""
"R163","0R","TopLayer","RES0201","18.6500","5.0000","360",""
"R198","0R","TopLayer","RES0201","45.0750","5.5750","360",""
"R204","0R","BottomLayer","RES0201","30.3250","0.5500","360",""
"L1","47nH","TopLayer","RES0402","38.8250","20.6000","90",""
"C241","1uF, 6.3V","BottomLayer","CAP0201","70.0500","13.4550","90",""
"R147","330R, 1%","TopLayer","RES0201","51.1500","19.3250","270",""
"R141","330R, 1%","TopLayer","RES0201","49.8750","19.3250","270",""
"R170","1k, 1%","BottomLayer","RES0201","21.2000","1.7050","90",""
"R200","100R, 1%","TopLayer","RES0201","16.9013","4.6175","270",""
"R206","10k, 1%","BottomLayer","RES0201","29.5596","1.2000","180",""
"MN40","47nH","BottomLayer","RES0402","70.2500","1.4500","270",""
"MN39","47nH","TopLayer","RES0402","70.6250","6.7500","90",""
"LED2","LED_green","TopLayer","LED0201","51.1500","20.5700","270",""
"IC26","LM4040","TopLayer","SOT23-3_v3","13.7263","5.4750","180",""
"C38","1nF, 25V","BottomLayer","CAP0201","68.9250","0.9500","180",""
"C37","1nF, 25V","TopLayer","CAP0201","70.9050","8.2950","360",""
"C171","22pF, 50V","BottomLayer","CAP0201","29.1500","14.1500","90",""
"C174","22pF, 50V","TopLayer","CAP0201","22.3250","13.2500","180",""
"C222","100nF, 6.3V","TopLayer","CAP0201","15.8512","4.6175","90",""
"C183","100nF, 6.3V","BottomLayer","CAP0201","27.1500","8.5200","90",""
"IC10","TMP1075NDRLR","BottomLayer","TMP1075NDRLR_TEMPERATURE_SENSOR_SOT563","30.8250","14.6250","360",""
"IC17","SN74AVC1T45DRLR","BottomLayer","SN74AVC1T45DRLR_SOT-5X3","21.7000","6.2750","360",""
"C225","47uF, 6.3V","TopLayer","CAP0603","9.2750","17.1750","90",""
"C187","100nF, 6.3V","BottomLayer","CAP0201","23.2500","6.0550","90",""
"F8","Fiducial","TopLayer","Fiducial","3.3000","28.0300","0",""
"F7","Fiducial","BottomLayer","Fiducial","82.7750","28.0300","180",""
"F6","Fiducial","BottomLayer","Fiducial","82.7750","-6.0300","180",""
"F5","Fiducial","BottomLayer","Fiducial","3.3050","-6.0250","180",""
"F4","Fiducial","BottomLayer","Fiducial","3.3000","28.0300","180",""
"F3","Fiducial","TopLayer","Fiducial","82.7750","28.0300","0",""
"F2","Fiducial","TopLayer","Fiducial","82.7750","-6.0300","0",""
"F1","Fiducial","TopLayer","Fiducial","3.3050","-6.0250","0",""
"R30","0R","BottomLayer","RES0201","9.0750","7.6500","180",""
"R7","0R","BottomLayer","RES0201","46.1658","10.0200","90",""
"R158","0R","TopLayer","RES0201","49.2658","16.9750","360",""
"R93","10k, 1%","TopLayer","RES0201","43.5958","14.6100","90",""
"R151","0R","TopLayer","RES0402","28.8000","11.4250","360",""
"R214","0R","TopLayer","RES0201","10.5250","14.1250","90",""
"R210","0R","TopLayer","RES0201","19.4000","18.1000","0",""
"R155","0R","BottomLayer","RES0201","24.5500","9.4250","360",""
"R27","220R, 1%","BottomLayer","RES01005","34.6558","5.8000","360",""
"R90","1k, 1%","BottomLayer","RES0201","43.3158","13.4500","360",""
"R173","3k, 1%","TopLayer","RES0201","19.7750","5.6750","360",""
"R174","12.7k, 1%","BottomLayer","RES0201","19.8750","1.7050","90",""
"R161","10k, 1%","TopLayer","RES0201","22.4250","2.1750","270",""
"R167","10k, 1%","TopLayer","RES0201","21.7700","1.0650","270",""
"R160","100R, 1%","TopLayer","RES0201","21.1200","1.0650","90",""
"IC16","SN74AVC1T45DRLR","BottomLayer","SN74AVC1T45DRLR_SOT-5X3","24.5500","8.2250","360",""
"FR38","220R, 0.9A","TopLayer","RES0402","33.8750","20.6500","360",""
"FR36","600R, 0.27A","TopLayer","RES0201","22.6250","14.4500","270",""
"FR37","600R, 0.27A","TopLayer","RES0201","23.1000","17.5750","270",""
"FR40","600R, 0.27A","TopLayer","RES0201","21.5300","2.4550","180",""
"ESD5","ESD8472","TopLayer","ESD8472_X3DFN2","39.8250","20.3250","90",""
"ESD6","ESD8472","TopLayer","ESD8472_X3DFN2","27.3750","2.7750","270",""
"C40","510pF, 50V","TopLayer","CAP0402","70.6250","4.6500","270",""
"C39","510pF, 50V","TopLayer","CAP0402","66.7000","20.6500","180",""
"C44","510pF, 50V","TopLayer","CAP0402","70.7250","13.7000","270",""
"C41","510pF, 50V","BottomLayer","CAP0402","68.6500","1.9500","180",""
"C168","100nF, 6.3V","BottomLayer","CAP0201","32.4300","16.0350","90",""
"C167","1nF, 25V","TopLayer","CAP0201","37.8000","20.9000","270",""
"C169","22pF, 50V","TopLayer","CAP0201","22.6250","15.5500","180",""
"C170","22pF, 50V","TopLayer","CAP0201","22.8250","18.7250","90",""
"C176","4.7uF, 6.3V","TopLayer","CAP0402","35.4200","20.6800","90",""
"C175","100pF, 50V","BottomLayer","CAP0201","27.0850","21.3300","270",""
"C180","100nF, 6.3V","BottomLayer","CAP0201","20.1500","10.4550","90",""
"C185","100nF, 6.3V","TopLayer","CAP0201","30.6950","9.5800","360",""
"C194","100nF, 6.3V","TopLayer","CAP0201","22.4250","1.0650","270",""
"C182","100nF, 6.3V","BottomLayer","CAP0201","26.1000","7.4450","270",""
"C131","100nF, 6.3V","TopLayer","CAP0201","30.0950","8.3250","360",""
"C188","100nF, 6.3V","BottomLayer","CAP0201","20.1500","6.0550","270",""
"C181","100nF, 6.3V","BottomLayer","CAP0201","23.2500","9.8950","90",""
"C191","1nF, 25V","BottomLayer","CAP0201","27.4750","4.3250","180",""
"C220","1uF, 10V","BottomLayer","CAP0402","3.5250","9.8500","180",""
"R9","100R, 1%","BottomLayer","RES0201","59.2658","10.0250","270",""
"R6","100R, 1%","BottomLayer","RES0201","67.1000","10.5300","270",""
"R218","10k, 1%","TopLayer","RES0201","11.1750","13.1096","270",""
"R216","31.6k, 1%","TopLayer","RES0201","11.1750","14.6196","270",""
"R213","10k, 1%","TopLayer","RES0201","18.5846","17.4250","180",""
"R211","12.7k, 1%","TopLayer","RES0201","19.8446","17.4250","180",""
"IC30","LD39100PUR","TopLayer","LD39100PUR","13.4250","14.1250","90",""
"IC29","LD39100PUR","TopLayer","LD39100PUR","19.4250","15.1500","360",""
"FR50","220R, 0.9A","TopLayer","RES0402","12.0250","10.2505","90",""
"FR45","220R, 0.9A","TopLayer","RES0402","16.0250","17.8000","360",""
"ESD2","ESD8472","TopLayer","ESD8472_X3DFN2","73.0000","6.9250","90",""
"ESD1","ESD8472","TopLayer","ESD8472_X3DFN2","73.0000","20.0250","90",""
"ESD3","ESD8472","TopLayer","ESD8472_X3DFN2","73.0000","2.4250","90",""
"ESD4","ESD8472","TopLayer","ESD8472_X3DFN2","73.0000","15.5250","90",""
"C251","100pF, 50V","TopLayer","CAP0201","15.8250","14.4950","90",""
"C246","4.7uF, 6.3V","TopLayer","CAP0402","12.0250","16.7896","270",""
"C245","4.7uF, 6.3V","TopLayer","CAP0402","12.5250","11.8005","180",""
"C242","100pF, 50V","TopLayer","CAP0201","21.4455","14.0300","270",""
"C237","4.7uF, 6.3V","TopLayer","CAP0402","21.5896","16.0500","90",""
"C236","4.7uF, 6.3V","TopLayer","CAP0402","17.2755","16.0500","90",""
"T6","3600BL14M050","BottomLayer","3600BL14M050_balun_0603","63.8985","3.9545","360",""
"T4","B0322J5050AHF","BottomLayer","Anaren_0805_balun_B0322J5050AHF","64.1503","6.0545","360",""
"T5","3600BL14M050","TopLayer","3600BL14M050_balun_0603","64.5658","12.5500","0",""
"T3","B0322J5050AHF","BottomLayer","Anaren_0805_balun_B0322J5050AHF","62.2908","1.9000","360",""
"T1","3600BL14M050","BottomLayer","3600BL14M050_balun_0603","64.8667","16.2000","360",""
"IC4","SKY13414-485LF","BottomLayer","SKY13414-485LF_RF_SW_QFN14","63.5158","9.8000","180",""
"IC5","SKY13330-397LF","BottomLayer","SKY13330-397LF_RF_SW_QFN12","64.7908","18.6250","360",""
"IC3","SKY13414-485LF","TopLayer","SKY13414-485LF_RF_SW_QFN14","66.1658","5.0250","180",""
"FR4","600R, 0.27A","TopLayer","RES0201","65.8158","7.3750","360",""
"FR2","600R, 0.27A","BottomLayer","RES0201","67.6158","17.8500","90",""
"FR3","600R, 0.27A","TopLayer","RES0201","68.1408","6.8850","90",""
"C51","100nF, 6.3V","BottomLayer","CAP0201","65.0908","8.4750","90",""
"C49","1nF, 25V","BottomLayer","CAP0201","64.1408","8.0000","360",""
"C48","1nF, 25V","BottomLayer","CAP0201","63.0143","8.0600","180",""
"C50","100nF, 6.3V","TopLayer","CAP0201","67.9658","5.7500","270",""
"C47","1nF, 25V","TopLayer","CAP0201","66.9158","6.6750","360",""
"C46","1nF, 25V","TopLayer","CAP0201","65.8158","6.6750","180",""
"C45","100nF, 6.3V","BottomLayer","CAP0201","66.9658","17.8500","270",""
"C43","1nF, 25V","BottomLayer","CAP0201","66.4358","19.4050","90",""
"FL1","Fiducial","TopLayer","Fiducial_local","47.5158","18.5000","0",""
"T7","TC1-1-13M-45+","TopLayer","TC1-1-13MA+_JA4220-AL_","66.0537","9.7500","270",""
"MECH2","BMI-S-202-F","TopLayer","BMI-S-202-F_RF_SHIELD_FRAME_v3","61.3250","11.0000","0",""
"MN21","470pF, 50V","BottomLayer","CAP0402","59.1133","1.4035","180",""
"MN19","1pF, 50V","BottomLayer","CAP0402","57.5632","1.9035","90",""
"MN17","10 nH, 5%","BottomLayer","RES0402","60.6633","1.9035","90",""
"MN16","470pF, 50V","BottomLayer","CAP0402","59.1133","2.4035","180",""
"MN38","100pF, 50V","TopLayer","CAP0402","61.4037","10.2500","180",""
"MN36","0.8pF","TopLayer","CAP0402","59.8537","9.7500","270",""
"MN34","10 nH, 5%","TopLayer","RES0402","63.0037","9.7500","270",""
"MN32","100pF, 50V","TopLayer","CAP0402","61.4037","9.2500","180",""
"MN30","10 pF, 50V","BottomLayer","CAP0402","60.9182","3.4545","180",""
"MN28","1pF, 50V","BottomLayer","CAP0402","59.3683","3.9545","90",""
"MN26","0.5pF, 50V","BottomLayer","CAP0402","62.4683","3.9545","90",""
"MN24","10 pF, 50V","BottomLayer","CAP0402","60.9182","4.4545","180",""
"MN22","470pF, 50V","BottomLayer","CAP0402","60.9183","5.5545","180",""
"MN20","1pF, 50V","BottomLayer","CAP0402","59.3683","6.0545","90",""
"MN18","10 nH, 5%","BottomLayer","RES0402","62.4683","6.0545","90",""
"MN15","470pF, 50V","BottomLayer","CAP0402","60.9183","6.5545","180",""
"L9","0.47uH, 4A","TopLayer","IND0806","7.4750","1.8250","90",""
"L5","0.47uH, 4A","TopLayer","IND0806","4.2500","20.1750","270",""
"C255","47uF, 6.3V","TopLayer","CAP0603","9.1750","1.7250","90",""
"C235","47uF, 6.3V","TopLayer","CAP0603","2.5750","20.2750","270",""
"C252","10uF, 10V","BottomLayer","CAP0603","3.9250","0.9500","0",""
"C231","10uF, 10V","BottomLayer","CAP0603","7.8250","21.0500","180",""
"R219","3k3, 1%","BottomLayer","RES0201","3.0450","4.4250","360",""
"R221","3k3, 1%","BottomLayer","RES0201","0.8700","1.4500","360",""
"R220","3k3, 1%","BottomLayer","RES0201","0.8700","2.1750","0",""
"R208","47k, 1%","BottomLayer","RES0201","7.8000","17.7700","90",""
"R207","3k3, 1%","BottomLayer","RES0201","8.0800","19.4000","180",""
"R209","3k3, 1%","BottomLayer","RES0201","8.0800","18.7125","180",""
"L8","0.47uH, 4A","TopLayer","IND0806","4.1750","1.8250","90",""
"L4","0.47uH, 4A","TopLayer","IND0806","7.6000","20.1750","270",""
"L7","0.47uH, 4A","TopLayer","IND0806","7.4750","4.7250","270",""
"L6","0.47uH, 4A","TopLayer","IND0806","4.1750","4.7250","270",""
"L3","0.47uH, 4A","TopLayer","IND0806","4.2500","17.2750","90",""
"L2","0.47uH, 4A","TopLayer","IND0806","7.6000","17.2750","90",""
"IC31","LP8758A2E3YFFR","BottomLayer","LP8758A1E0YFFR_QUAD_DC-DC_35DSBGA","5.8250","3.2750","180",""
"FR47","220R, 0.9A","BottomLayer","RES0402","70.9250","12.6500","90",""
"C254","47uF, 6.3V","TopLayer","CAP0603","2.4750","1.7250","90",""
"C234","47uF, 6.3V","TopLayer","CAP0603","9.2750","20.2750","270",""
"C248","10uF, 10V","BottomLayer","CAP0603","7.8500","5.6000","180",""
"C249","10uF, 10V","BottomLayer","CAP0603","3.9250","5.6000","0",""
"C253","100nF, 6.3V","BottomLayer","CAP0201","7.6000","3.1050","90",""
"C244","10uF, 10V","BottomLayer","CAP0603","7.7250","0.9500","180",""
"C250","47uF, 6.3V","TopLayer","CAP0603","9.1750","4.8250","270",""
"C247","47uF, 6.3V","TopLayer","CAP0603","2.4750","4.8250","270",""
"C226","10uF, 10V","BottomLayer","CAP0603","4.0250","21.0500","0",""
"C230","47uF, 6.3V","TopLayer","CAP0603","2.5750","17.1750","90",""
"C229","10uF, 10V","BottomLayer","CAP0603","7.8250","16.4000","180",""
"C233","100nF, 6.3V","BottomLayer","CAP0201","4.1500","18.8450","270",""
"C224","10uF, 10V","BottomLayer","CAP0603","4.0250","16.4000","0",""
"IC27","LP8758A2E3YFFR","BottomLayer","LP8758A1E0YFFR_QUAD_DC-DC_35DSBGA","5.9250","18.7250","0",""
"R182","47R, 1%","TopLayer","RES0201","35.0850","4.2500","180",""
"X8","5025981593","BottomLayer","5025981593_FPC_CONNECTOR","74.4750","3.6000","270",""
"R108","0R","BottomLayer","RES01005","32.2708","7.7500","180",""
"C115","220nF, 10V","TopLayer","CAP0201","0.8950","11.6250","360",""
"C114","220nF, 10V","TopLayer","CAP0201","0.8950","12.3750","360",""
"R59","1k, 1%","BottomLayer","RES0201","67.9500","19.4050","90",""
"R62","4.7k, 1%","BottomLayer","RES0201","67.2000","19.4050","90",""
"R61","1k, 1%","BottomLayer","RES0201","64.3108","14.8500","180",""
"R64","4.7k, 1%","TopLayer","RES0201","62.7908","8.2250","90",""
"R63","4.7k, 1%","BottomLayer","RES0201","65.5108","14.8500","360",""
"R60","1k, 1%","BottomLayer","RES0201","64.3158","14.1250","180",""
"T8","TC1-1-13M-45+","TopLayer","TC1-1-13MA+_JA4220-AL_","61.8658","5.4750","270",""
"T2","TC1-1-13M-45+","TopLayer","TC1-1-13MA+_JA4220-AL_","66.2408","16.1500","270",""
"R71","10R, 1%","TopLayer","RES0201","50.1158","4.3250","180",""
"R70","10R, 1%","TopLayer","RES0201","54.5658","15.5500","90",""
"R205","7.5k, 1%","BottomLayer","RES0201","31.0696","1.2000","180",""
"R202","10k, 1%","TopLayer","RES0201","45.1300","4.1750","360",""
"R69","0R","TopLayer","RES0402","43.7408","9.0750","360",""
"R199","5.6k, 1%","TopLayer","RES0201","45.9750","4.4750","90",""
"R68","0R","BottomLayer","RES0201","48.9908","18.6000","90",""
"R67","10R, 1%","BottomLayer","RES0201","48.2908","3.6000","270",""
"R66","10R, 1%","BottomLayer","RES0201","46.8158","3.6007","270",""
"R65","0R","TopLayer","RES0402","48.1622","6.4715","45",""
"R35","10k, 1%","TopLayer","RES0201","54.0658","12.7500","270",""
"R25","10k, 1%","TopLayer","RES0201","45.4158","13.2000","180",""
"R23","47R, 1%","BottomLayer","RES0201","46.0158","18.2000","90",""
"R22","47R, 1%","TopLayer","RES0201","46.8158","16.1067","180",""
"R21","47R, 1%","TopLayer","RES0201","46.8158","15.3754","180",""
"R20","47R, 1%","BottomLayer","RES0201","45.3658","18.2000","90",""
"R13","10k, 1%","BottomLayer","RES0201","44.3658","10.9900","270",""
"R12","10k, 1%","BottomLayer","RES0201","45.3408","10.6750","180",""
"R11","10k, 1%","TopLayer","RES0201","46.6158","11.2750","180",""
"R10","10k, 1%","TopLayer","RES0201","48.9908","14.1000","270",""
"R8","10k, 1%","TopLayer","RES0201","46.6158","10.6250","0",""
"R54","3k, 1%","BottomLayer","RES0201","47.6050","2.3450","90",""
"R53","3k, 1%","BottomLayer","RES0201","46.9550","2.3450","90",""
"MN37","100pF, 50V","TopLayer","CAP0402","57.1658","4.1250","180",""
"MN35","0.8pF","TopLayer","CAP0402","55.6158","4.6250","90",""
"MN33","10 nH, 5%","TopLayer","RES0402","58.7658","4.6250","90",""
"MN31","100pF, 50V","TopLayer","CAP0402","57.1658","5.1250","180",""
"MN29","10 pF, 50V","TopLayer","CAP0402","61.4637","12.7250","180",""
"MN27","1pF, 50V","TopLayer","CAP0402","59.9137","12.2250","270",""
"MN25","0.5pF, 50V","TopLayer","CAP0402","63.0137","12.2250","270",""
"MN23","10 pF, 50V","TopLayer","CAP0402","61.4637","11.7250","180",""
"MN14","100nF, 16V","TopLayer","CAP0402","61.6908","15.6250","360",""
"MN13","2pF, 50V","TopLayer","CAP0402","63.2658","16.1500","90",""
"MN12","1pF, 50V","TopLayer","CAP0402","60.1408","16.1250","270",""
"MN11","100nF, 16V","TopLayer","CAP0402","61.7158","16.6250","180",""
"MN10","0R","TopLayer","RES0402","59.0908","17.1250","90",""
"MN9","0R","TopLayer","RES0402","59.0908","15.1250","270",""
"MN8","100uH","TopLayer","RES0805","61.1658","17.9000","360",""
"MN7","100uH","TopLayer","RES0805","61.1658","14.3500","360",""
"MN6","10 pF, 50V","BottomLayer","CAP0402","61.9158","15.7000","180",""
"MN4","0.5pF","BottomLayer","CAP0402","63.4658","16.2000","270",""
"MN5","1pF","BottomLayer","CAP0402","60.3658","16.2000","90",""
"MN3","10 pF, 50V","BottomLayer","CAP0402","61.9158","16.7000","360",""
"MN2","10 nH, 5%","BottomLayer","RES0402","59.3158","17.2000","90",""
"MN1","10 nH, 5%","BottomLayer","RES0402","59.3158","15.2000","270",""
"LED1","LED_green","TopLayer","LED0201","49.8750","20.5700","270",""
"IC18","74LVC1G3157FZ4","BottomLayer","74LVC1G3157FZ4_SPDT_SW_DFN1410-6","26.0750","4.3250","360",""
"IC11","GNSS M10578-A3","TopLayer","M10578-A3_V2","28.0000","17.0000","270",""
"IC20","AD5693RACPZ","TopLayer","AD5693RACPZ-1RL7_DAC_8LFCSP","19.6250","2.5750","270",""
"IC13","M24512","BottomLayer","M24128-DFMC6TG","12.1500","8.5250","180",""
"IC28","LD39100PUR","BottomLayer","LD39100PUR","30.3250","3.4500","360",""
"IC25","LD39100PUR","TopLayer","LD39100PUR","44.9750","1.9750","360",""
"IC2","M24128","BottomLayer","M24128-DFMC6TG","50.9000","1.3500","180",""
"IC1","LMS7002M","BottomLayer","LMS7002M_V5_LESS_SILK","52.5158","10.9955","180","Schematic symbol revision 4. Default footprint - 0.31mm pad"
"FR48","220R, 0.9A","TopLayer","RES0402","44.4250","7.2000","90",""
"FR35","600R, 0.27A","TopLayer","RES0201","48.8158","5.3500","225",""
"FR34","600R, 0.27A","TopLayer","RES0201","54.5158","14.4500","270",""
"FR33","600R, 0.27A","TopLayer","RES0201","50.6658","16.6250","90",""
"FR32","600R, 0.27A","TopLayer","RES0201","54.1838","16.3980","45",""
"FR31","600R, 0.27A","TopLayer","RES0201","50.6658","17.8000","270",""
"FR30","600R, 0.27A","TopLayer","RES0201","51.0173","5.1200","270",""
"FR29","600R, 0.27A","BottomLayer","RES0201","51.5658","3.6000","270",""
"FR28","600R, 0.27A","TopLayer","RES0201","57.2358","10.3500","270",""
"FR27","600R, 0.27A","BottomLayer","RES0201","60.4408","11.3550","180",""
"FR44","220R, 0.9A","BottomLayer","RES0402","26.3000","1.2500","360",""
"FR26","600R, 0.27A","TopLayer","RES0201","58.0408","15.1500","315",""
"FR43","600R, 2A","BottomLayer","RES0805","2.8750","7.9000","360",""
"FR42","220R, 0.9A","TopLayer","RES0402","41.7750","2.8750","90",""
"FR25","600R, 0.27A","TopLayer","RES0201","51.3253","17.8050","90",""
"FR24","600R, 0.27A","BottomLayer","RES0201","59.5408","8.9000","360",""
"FR23","600R, 0.27A","BottomLayer","RES0201","52.4158","3.6000","270",""
"FR22","600R, 0.27A","BottomLayer","RES0201","60.3208","12.7450","360",""
"FR21","600R, 0.27A","TopLayer","RES0201","56.5132","15.6650","45",""
"FR20","600R, 0.27A","TopLayer","RES0201","54.8408","18.0250","90",""
"FR19","600R, 0.27A","TopLayer","RES0201","51.9658","12.8250","270",""
"FR18","600R, 0.27A","TopLayer","RES0201","51.1158","13.9750","180",""
"FR17","600R, 0.27A","TopLayer","RES0201","50.6908","7.6500","90",""
"FR16","600R, 0.27A","BottomLayer","RES0201","48.8408","2.7250","360",""
"FR15","600R, 0.27A","BottomLayer","RES0201","49.3858","3.6000","270",""
"FR14","600R, 0.27A","BottomLayer","RES0201","50.4908","3.6000","270",""
"FR13","600R, 0.27A","BottomLayer","RES0201","53.2158","3.6000","270",""
"FR12","600R, 0.27A","TopLayer","RES0201","55.6158","7.6750","180",""
"FR11","600R, 0.27A","TopLayer","RES0201","55.0158","9.0250","180",""
"FR10","600R, 0.27A","TopLayer","RES0201","55.8751","10.7200","270",""
"FR9","600R, 0.27A","TopLayer","RES0201","58.8433","13.5950","90",""
"FR8","600R, 0.27A","TopLayer","RES0201","55.1882","13.1400","270",""
"FR7","600R, 0.27A","TopLayer","RES0201","48.8882","15.7450","180",""
"FR6","600R, 0.27A","TopLayer","RES0201","55.5632","12.2150","180",""
"FR5","600R, 0.27A","TopLayer","RES0201","51.4408","7.6500","90",""
"FL2","Fiducial","BottomLayer","Fiducial_local","47.5158","18.5000","180",""
"C239","10uF, 10V","TopLayer","CAP0603","42.0250","7.7750","360",""
"C238","4.7uF, 6.3V","TopLayer","CAP0402","42.4000","5.9750","270",""
"C193","100nF, 6.3V","BottomLayer","CAP0201","20.5500","1.7050","90",""
"C195","100nF, 6.3V","TopLayer","CAP0201","20.9500","4.5500","90",""
"C177","100nF, 6.3V","BottomLayer","CAP0201","9.8900","9.0550","270",""
"C111","1uF, 6.3V","TopLayer","CAP0201","53.9658","13.8250","270",""
"C110","1uF, 6.3V","TopLayer","CAP0201","49.3533","4.8125","45",""
"C109","1uF, 6.3V","TopLayer","CAP0201","55.1658","14.4500","90",""
"C108","1uF, 6.3V","TopLayer","CAP0201","49.6158","5.7500","315",""
"C107","1uF, 6.3V","BottomLayer","CAP0201","59.4158","11.6550","90",""
"C106","1uF, 6.3V","TopLayer","CAP0201","57.7908","9.3500","360",""
"C105","1uF, 6.3V","BottomLayer","CAP0201","51.2908","4.5500","180",""
"C104","1uF, 6.3V","TopLayer","CAP0201","51.2973","6.0250","360",""
"C103","1uF, 6.3V","TopLayer","CAP0201","52.4658","15.6250","90",""
"C102","1uF, 6.3V","TopLayer","CAP0201","53.9108","15.3111","270",""
"C101","1uF, 6.3V","TopLayer","CAP0201","50.8408","15.4500","90",""
"C100","1uF, 6.3V","TopLayer","CAP0201","57.7158","14.5500","315",""
"C232","100pF, 50V","BottomLayer","CAP0201","32.2955","4.5700","90",""
"C228","4.7uF, 6.3V","BottomLayer","CAP0402","32.5860","2.5464","270",""
"C227","4.7uF, 6.3V","BottomLayer","CAP0402","28.1755","2.5500","270",""
"C99","1uF, 6.3V","TopLayer","CAP0201","47.6408","7.6870","90",""
"C98","1nF, 25V","TopLayer","CAP0201","46.9908","7.6870","90",""
"C97","1uF, 6.3V","TopLayer","CAP0201","44.8908","9.7700","270",""
"C96","1nF, 25V","TopLayer","CAP0201","45.5458","9.7700","270",""
"C95","1uF, 6.3V","TopLayer","CAP0201","44.8813","10.6911","180",""
"C94","1nF, 25V","TopLayer","CAP0201","44.8813","11.4080","180",""
"C93","1uF, 6.3V","BottomLayer","CAP0201","45.5858","16.1500","180",""
"C92","1nF, 25V","BottomLayer","CAP0201","45.5858","15.4000","180",""
"C91","1uF, 6.3V","TopLayer","CAP0201","46.2908","8.9606","270",""
"C90","1nF, 25V","TopLayer","CAP0201","46.9908","8.9606","270",""
"C223","100pF, 50V","TopLayer","CAP0201","46.9955","0.8050","270",""
"C221","10uF, 10V","BottomLayer","CAP0603","5.4250","8.6500","270",""
"C219","4.7uF, 6.3V","TopLayer","CAP0402","47.1396","2.8750","90",""
"C218","4.7uF, 6.3V","TopLayer","CAP0402","42.8255","2.8750","90",""
"C89","1uF, 6.3V","BottomLayer","CAP0201","48.8908","17.6000","180",""
"C88","1uF, 6.3V","BottomLayer","CAP0201","52.4023","4.5500","180",""
"C87","1uF, 6.3V","BottomLayer","CAP0201","59.5408","8.1650","360",""
"C86","1uF, 6.3V","TopLayer","CAP0201","56.1858","9.6750","180",""
"C85","1uF, 6.3V","TopLayer","CAP0201","55.6132","8.3900","180",""
"C84","1uF, 6.3V","TopLayer","CAP0201","51.6053","16.7750","360",""
"C83","1nF, 25V","TopLayer","CAP0201","51.6053","16.1250","360",""
"C82","1uF, 6.3V","BottomLayer","CAP0201","59.4158","12.7150","270",""
"C81","1uF, 6.3V","BottomLayer","CAP0201","47.5908","3.6000","270",""
"C80","1uF, 6.3V","TopLayer","CAP0201","55.8382","13.4650","270",""
"C79","1uF, 6.3V","TopLayer","CAP0201","58.1408","13.4500","270",""
"C78","1uF, 6.3V","TopLayer","CAP0201","55.0158","9.6750","360",""
"C77","1uF, 6.3V","TopLayer","CAP0201","57.2158","7.6500","360",""
"C76","1uF, 6.3V","BottomLayer","CAP0201","53.4908","4.5500","360",""
"C75","1uF, 6.3V","BottomLayer","CAP0201","50.2108","4.5500","180",""
"C74","1uF, 6.3V","BottomLayer","CAP0201","49.1108","4.5500","180",""
"C73","1uF, 6.3V","BottomLayer","CAP0201","48.0108","4.5500","180",""
"C72","1uF, 6.3V","TopLayer","CAP0201","50.3382","6.8400","315",""
"C71","1uF, 6.3V","TopLayer","CAP0201","51.1158","14.6250","360",""
"C70","1uF, 6.3V","TopLayer","CAP0201","52.2713","13.6780","360",""
"C69","1nF, 25V","TopLayer","CAP0201","52.2713","14.3305","360",""
"C68","1uF, 6.3V","TopLayer","CAP0201","54.1158","18.0250","90",""
"C67","1uF, 6.3V","TopLayer","CAP0201","55.7158","15.3750","90",""
"C66","1uF, 6.3V","TopLayer","CAP0201","57.4382","12.0900","45",""
"C65","1uF, 6.3V","TopLayer","CAP0201","56.8908","14.3250","270",""
"C64","1nF, 25V","TopLayer","CAP0201","49.4432","9.6900","360",""
"C63","1uF, 6.3V","TopLayer","CAP0201","49.4432","10.4600","360",""
"C62","1nF, 25V","TopLayer","CAP0201","49.4432","8.1650","360",""
"C61","1uF, 6.3V","TopLayer","CAP0201","49.4432","8.9350","360",""
"C60","1nF, 25V","TopLayer","CAP0201","46.9801","13.4995","90",""
"C59","1uF, 6.3V","TopLayer","CAP0201","46.2462","13.4995","90",""
"C58","1uF, 6.3V","TopLayer","CAP0201","51.7223","6.8250","360",""
"C57","1uF, 6.3V","TopLayer","CAP0201","56.4382","12.4150","90",""
"C56","1uF, 6.3V","TopLayer","CAP0201","49.8132","15.4650","270",""
"C55","1uF, 6.3V","TopLayer","CAP0201","52.2158","17.8050","90",""
"C54","1uF, 6.3V","TopLayer","CAP0201","49.9402","14.3705","270",""
"C52","1uF, 6.3V","TopLayer","CAP0201","48.0158","12.4000","90",""
"C35","100nF, 6.3V","BottomLayer","CAP0201","62.4408","14.3500","270",""
"C33","100pF, 50V","BottomLayer","CAP0201","63.3158","14.3500","90",""
"C34","100pF, 50V","BottomLayer","CAP0201","62.1408","18.7000","270",""
"C36","100nF, 6.3V","BottomLayer","CAP0201","62.7908","18.7000","90",""
"C32","100nF, 6.3V","BottomLayer","CAP0201","60.8408","14.3250","270",""
"C30","100pF, 50V","BottomLayer","CAP0201","60.1908","14.3250","90",""
"C31","100nF, 6.3V","BottomLayer","CAP0201","60.8658","18.1000","90",""
"C29","100pF, 50V","BottomLayer","CAP0201","60.2158","18.1000","270",""
"C7","22pF, 50V","BottomLayer","CAP0201","45.5408","17.3250","360",""
"C28","1uF, 6.3V","BottomLayer","CAP0201","48.7000","1.8200","270",""
